/cameras/left_hand_camera/camera_info_std
---
header: 
  seq: 6131
  stamp: 
    secs: 1461034847
    nsecs: 78723000
  frame_id: /left_hand_camera
height: 800
width: 1280
distortion_model: plumb_bob
D: [0.007374918478992584, -0.0622448609493766, 0.003190829993434288, -0.00015208871579441667, 0.02100990382030653]
K: [400.57915652712325, 0.0, 611.0776917145643, 0.0, 401.429294953449, 399.0709219799418, 0.0, 0.0, 1.0]
R: [1.0, 0.0, 0.0, 0.0, 1.0, 0.0, 0.0, 0.0, 1.0]
P: [400.57915652712325, 0.0, 611.0776917145643, 0.0, 0.0, 401.429294953449, 399.0709219799418, 0.0, 0.0, 0.0, 1.0, 0.0]
binning_x: 1
binning_y: 1
roi: 
  x_offset: 320
  y_offset: 200
  height: 400
  width: 640
  do_rectify: False
---

/cameras/left_hand_camera/camera_info
---
header: 
  seq: 7790
  stamp: 
    secs: 1461034914
    nsecs: 620254000
  frame_id: /left_hand_camera
height: 400
width: 640
distortion_model: plumb_bob
D: [0.007374918478992584, -0.0622448609493766, 0.003190829993434288, -0.00015208871579441667, 0.02100990382030653]
K: [400.57915652712325, 0.0, 611.0776917145643, 0.0, 401.429294953449, 399.0709219799418, 0.0, 0.0, 1.0]
R: [1.0, 0.0, 0.0, 0.0, 1.0, 0.0, 0.0, 0.0, 1.0]
P: [400.57915652712325, 0.0, 291.07769171456425, 0.0, 0.0, 401.429294953449, 199.07092197994177, 0.0, 0.0, 0.0, 1.0, 0.0]
binning_x: 1
binning_y: 1
roi: 
  x_offset: 320
  y_offset: 200
  height: 400
  width: 640
  do_rectify: False
---
